              precision    recall  f1-score   support

           0       0.00      0.00      0.00       0.0
           1       0.00      0.00      0.00       0.0
        2487       0.00      0.00      0.00       1.0
        2503       0.00      0.00      0.00       2.0
        2505       0.00      0.00      0.00       1.0
        2509       0.00      0.00      0.00       1.0
        2511       0.00      0.00      0.00       1.0
        2528       0.00      0.00      0.00       1.0
        2540       0.00      0.00      0.00       1.0
        2544       0.00      0.00      0.00       1.0
        2545       0.00      0.00      0.00       1.0
        2547       0.00      0.00      0.00       1.0
        2550       0.00      0.00      0.00       1.0
        2559       0.00      0.00      0.00       1.0
        2560       0.00      0.00      0.00       1.0
        2561       0.00      0.00      0.00       2.0
        2565       0.00      0.00      0.00       1.0
        2566       0.00      0.00      0.00       3.0
        2571       0.00      0.00      0.00       1.0
        2581       0.00      0.00      0.00       1.0
        2582       0.00      0.00      0.00       1.0
        2584       0.00      0.00      0.00       1.0
        2585       0.00      0.00      0.00       1.0
        2594       0.00      0.00      0.00       1.0
        2595       0.00      0.00      0.00       4.0
        2596       0.00      0.00      0.00       1.0
        2600       0.00      0.00      0.00       5.0
        2601       0.00      0.00      0.00       1.0
        2604       0.00      0.00      0.00       1.0
        2606       0.00      0.00      0.00       1.0
        2607       0.00      0.00      0.00       2.0
        2609       0.00      0.00      0.00       3.0
        2614       0.00      0.00      0.00       1.0
        2615       0.00      0.00      0.00       1.0
        2619       0.00      0.00      0.00       1.0
        2622       0.00      0.00      0.00       2.0
        2623       0.00      0.00      0.00       1.0
        2625       0.00      0.00      0.00       1.0
        2628       0.00      0.00      0.00       2.0
        2629       0.00      0.00      0.00       1.0
        2631       0.00      0.00      0.00       3.0
        2640       0.00      0.00      0.00       1.0
        2644       0.00      0.00      0.00       1.0
        2645       0.00      0.00      0.00       1.0
        2646       0.00      0.00      0.00       1.0
        2649       0.00      0.00      0.00       1.0
        2650       0.00      0.00      0.00       1.0
        2652       0.00      0.00      0.00       1.0
        2653       0.00      0.00      0.00       2.0
        2654       0.00      0.00      0.00       2.0
        2655       0.00      0.00      0.00       3.0
        2658       0.00      0.00      0.00       2.0
        2660       0.00      0.00      0.00       1.0
        2663       0.00      0.00      0.00       1.0
        2664       0.00      0.00      0.00       1.0
        2665       0.00      0.00      0.00       1.0
        2669       0.00      0.00      0.00       1.0
        2672       0.00      0.00      0.00       1.0
        2674       0.00      0.00      0.00       1.0
        2675       0.00      0.00      0.00       1.0
        2676       0.00      0.00      0.00       1.0
        2677       0.00      0.00      0.00       1.0
        2678       0.00      0.00      0.00       1.0
        2679       0.00      0.00      0.00       1.0
        2682       0.00      0.00      0.00       1.0
        2683       0.00      0.00      0.00       1.0
        2684       0.00      0.00      0.00       1.0
        2688       0.00      0.00      0.00       1.0
        2693       0.00      0.00      0.00       1.0
        2694       0.00      0.00      0.00       2.0
        2703       0.00      0.00      0.00       1.0
        2705       0.00      0.00      0.00       1.0
        2706       0.00      0.00      0.00       1.0
        2708       0.00      0.00      0.00       1.0
        2719       0.00      0.00      0.00       1.0
        2725       0.00      0.00      0.00       1.0
        2726       0.00      0.00      0.00       1.0
        2731       0.00      0.00      0.00       1.0
        2739       0.00      0.00      0.00       1.0
        2741       0.00      0.00      0.00       1.0
        2749       0.00      0.00      0.00       1.0
        2757       0.00      0.00      0.00       1.0
        2760       0.00      0.00      0.00       2.0
        2761       0.00      0.00      0.00       3.0
        2766       0.00      0.00      0.00       1.0
        2767       0.00      0.00      0.00       1.0
        2770       0.00      0.00      0.00       1.0
        2776       0.00      0.00      0.00       1.0
        2781       0.00      0.00      0.00       1.0
        2785       0.00      0.00      0.00       1.0
        2788       0.00      0.00      0.00       1.0
        2794       0.00      0.00      0.00       1.0
        2796       0.00      0.00      0.00       1.0
        2819       0.00      0.00      0.00       1.0
        2822       0.00      0.00      0.00       1.0
        2832       0.00      0.00      0.00       1.0
        2834       0.00      0.00      0.00       1.0
        2850       0.00      0.00      0.00       1.0
        2858       0.00      0.00      0.00       1.0
        2870       0.00      0.00      0.00       2.0
        2875       0.00      0.00      0.00       1.0
        2892       0.00      0.00      0.00       1.0
        2922       0.00      0.00      0.00       1.0
        2954       0.00      0.00      0.00       1.0
        2964       0.00      0.00      0.00       1.0
        2971       0.00      0.00      0.00       1.0
        2973       0.00      0.00      0.00       1.0
        2978       0.00      0.00      0.00       1.0
        2982       0.00      0.00      0.00       1.0
        3002       0.00      0.00      0.00       1.0

    accuracy                           0.00     136.0
   macro avg       0.00      0.00      0.00     136.0
weighted avg       0.00      0.00      0.00     136.0
